Test accuracy: 1.0000

              precision    recall  f1-score   support

           a       1.00      1.00      1.00        82
           b       1.00      1.00      1.00        83
         boy       1.00      1.00      1.00        64
           c       1.00      1.00      1.00        77
           d       1.00      1.00      1.00        90
           e       1.00      1.00      1.00        84
           f       1.00      1.00      1.00        80
        food       1.00      1.00      1.00        72
           g       1.00      1.00      1.00        80
           h       1.00      1.00      1.00        84
       hello       1.00      1.00      1.00       103
      hungry       1.00      1.00      1.00        67
           i       1.00      1.00      1.00        84
           j       1.00      1.00      1.00        97
           k       1.00      1.00      1.00        93
           l       1.00      1.00      1.00        77
           m       1.00      1.00      1.00        73
           n       1.00      1.00      1.00       127
           o       1.00      1.00      1.00        77
           p       1.00      1.00      1.00        91
           q       1.00      1.00      1.00        82
           r       1.00      1.00      1.00        70
           s       1.00      1.00      1.00       130
           t       1.00      1.00      1.00        92
           u       1.00      1.00      1.00        79
           v       1.00      1.00      1.00        83
           w       1.00      1.00      1.00        99
           x       1.00      1.00      1.00        79
           y       1.00      1.00      1.00        79

    accuracy                           1.00      2478
   macro avg       1.00      1.00      1.00      2478
weighted avg       1.00      1.00      1.00      2478
